0.230447900001309,
0.23275939999985,
0.235426799999914,
0.234979200000453,
0.239782300001025,
0.220552700000553,
0.224573100000271,
0.226212600000508,
0.224124099999244,
0.232939600000464,
0.236047099999269,
0.240392399999109,
0.238583700000163,
0.231073900000411,
0.223628399999143,
0.228454899999633,
0.23635959999956,
0.312577900000178,
0.231565500000215,
0.240628300000026,
0.239396299999498,
0.245088399999077,
0.223270799999227,
0.218981599999097,
0.235318400000324,
0.223387699999876,
0.221481399999902,
0.225230699999884,
0.22958269999981,
0.237909999999829,
0.227006899998742,
0.227475200001209,
0.225443900000755,
0.235408000000461,
0.236298000001625,
0.237330200001452,
0.215643699999418,
0.231448900000032,
0.223358799999914,
0.236074899999949,
0.254060300001584,
0.248285300000134,
0.231350399999428,
0.232943399998476,
0.238542000000962,
0.234673800001474,
0.217871400000149,
0.360670400001254,
0.25102760000118,
0.229202600001372,
0.228364599999622,
0.224999899999602,
0.24391359999936,
0.232202999999572,
0.236449599999105,
0.232700200000181,
0.230330600001253,
0.218185199999425,
0.227111099999092,
0.236940400000094,
0.232577999999194,
0.232148400000369,
0.231497000000672,
0.23348470000019,
0.230899600001067,
0.246995100000277,
0.231914399999368,
0.226774699998714,
0.228296699999191,
0.243945000000167,
0.239353699998901,
0.235695899998973,
0.230614300000525,
0.231097600000794,
0.228969400001006,
0.217620600000373,
0.23219600000084,
0.23187279999911,
0.242498999999953,
0.226497300000119,
0.235903299999336,
0.221149999999398,
0.235409599999912,
0.226243499999327,
0.234013599998434,
0.231092500000159,
0.233660500000042,
0.231393199999729,
0.228206800000407,
0.230558400000518,
0.236225700000432,
0.241003199998886,
0.227707199999713,
0.228009200000088,
0.238991000000169,
0.224520600000687,
0.222346000000471,
0.260938800000076,
0.229742199999237,
0.229761399999916,
0.222317499999917,
0.230191100001321,
0.224132800000007,
0.228426499999841,
0.23261629999979,
0.23329510000076,
0.241465400000379,
0.226166500000545,
0.230677499999729,
0.224021699999867,
0.218050800000128,
0.236553900000217,
0.240866000000096,
0.231268400000772,
0.260566099999778,
0.227901899999779,
0.22600280000006,
0.248504099999991,
0.240362500000629,
0.249105399998371,
0.241859200001272,
0.227511700000832,
0.225408099999186,
0.229453099998864,
0.225684099999853,
0.251253299999007,
0.227807100000064,
0.227578800000629,
0.218060699999114,
0.23153049999928,
0.229300599999988,
0.230475099999239,
0.242409000000407,
0.242412900001,
0.241090800000165,
0.234177000000273,
0.246830699999919,
0.232161799998721,
0.239624600000752,
0.23823529999936,
0.23754629999894,
0.219039199999315,
0.223017099999197,
0.226958999999624,
0.237558000000718,
0.236127600001055,
0.230017800000496,
0.222028300000602,
0.236675800000739,
0.230849899999157,
0.237889199999699,
0.247328800000105,
1.18246809999982,
0.28602409999985,
0.221885599999951,
0.231397300000026,
0.243142699999225,
0.232123499999943,
0.237175000000207,
0.244348500000342,
0.226594499999919,
0.229514499998913,
0.231817199999568,
0.227589500000249,
0.220415499999945,
0.222924499999863,
0.245298900001217,
0.246437499999956,
0.230449600001521,
0.228520499998922,
0.225226100001237,
0.23117479999928,
0.221842699998888,
0.219641499999852,
0.237578500000382,
0.243092000000615,
0.237538499999573,
0.230129199999283,
0.23151069999949,
0.228008000000045,
0.227498300000661,
0.228490700001203,
0.23594360000061,
0.252015199999732,
0.236594500000137,
0.231608200001574,
0.234807200000432,
0.247274499999548,
0.228228699999818,
0.229121000000305,
0.22159769999962,
0.237179199999446,
0.237757499999134,
0.246667299999899,
0.223272100000031,
0.236623599999803,
0.219494700000723,
0.224012500000754,
0.232056000000739,
0.232881599999018,
0.224238400000104,
0.227501400000619,
0.22536730000138,
0.220829199999571,
0.232946399999491,
0.225476099998559,
0.240013900000122,
0.237013599999045,
0.236418700000286,
0.237195199999405,
0.25056450000011,
0.228164000000106,
0.221579600000041,
0.237833099999989,
0.240878200000225,
0.234474700000646,
0.231608499998401,
0.223926200000278,
0.236476899999616,
0.225216400000136,
0.223468499998489,
0.233649399999194,
0.231623100000434,
0.229414400000678,
0.227634500000931,
0.269734899999094,
0.220279299999675,
0.238191599999482,
0.244807499999297,
0.268135599999368,
0.228650799999741,
0.235281499999473,
0.229612999999517,
0.225460400000884,
0.234660500000246,
0.226397699998415,
0.233395299999756,
0.23413040000014,
0.226826699999947,
0.219948299998578,
0.230602300000101,
0.251271800001632,
0.235705800001597,
0.225501599999916,
0.235491899999033,
0.244833700000527,
0.239280800000415,
0.238086000001204,
0.248435400000744,
0.220275600000605,
0.234556800000064,
0.234487499999886,
0.2368275000008,
0.228621199999907,
0.237893699999404,
0.230818800000634,
0.235470800000257,
0.225343899999643,
0.218019900001309,
0.226237299999411,
0.244476699999723,
0.245547000000442,
0.232751699999426,
0.234162900000229,
0.239162899999428,
0.23163299999942,
0.233785300000818,
0.231365699999515,
0.229550300000483,
0.228502599999047,
0.241154499999539,
0.232331400000476,
0.239612999999736,
0.255218000000241,
0.248420600000827,
0.239339399999153,
0.232256899998902,
0.240350400001262,
0.228675000000294,
0.236353500000405,
0.238547500001005,
0.229786700001569,
0.232156800000666,
0.227073900001415,
0.235937399998875,
0.234907399999429,
0.228457999999591,
0.234824600000138,
0.23482039999908,
0.23898250000093,
0.223812199999884,
0.238667700001315,
0.242005000000063,
0.228286899999148,
0.224233500000992,
0.240847699998994,
0.21961360000023,
0.230166800000006,
0.228533899999093,
0.240137099999629,
0.226227400000425,
0.22474499999953,
0.235247399999935,
0.225431200000457,
0.221126399999775,
0.216980100000001,
0.221818400001212,
0.223097299998699,
0.229117400000177,
0.236702899999727,
0.225124599999617,
0.22738599999866,
0.237078300000576,
0.349271399998543,
0.232229299999744,
0.287594499999614,
0.224224800000229,
0.270576299999448,
0.218758799999705,
0.228093099998659,
0.23003719999906,
0.239323899999363,
0.522512943267429,
0.231432999999015,
0.232206799999403,
0.238779400000567,
0.258868299999449,
0.235123599999497,
0.213206000000355,
0.226736600001459,
0.237764299999981,
0.235217599998577,
0.233887000000323,
0.231533399999535,
0.240308299999015,
0.238423899998452,
0.224806799998987,
0.218716299999869,
0.242564099999072,
0.233293899998898,
0.242415700000493,
0.227820899999642,
0.234160699999848,
0.226768599999559,
0.230045399999653,
0.237194499999532,
0.252844399999958,
0.253110800000286,
0.229427199999918,
0.226353899999594,
0.227752699998746,
0.238632699998561,
0.233373000000938,
0.223622999999861,
0.225969400000395,
0.225853000001734,
0.218804999998611,
0.228013099998861,
0.22141990000091,
0.232153200000539,
0.239552100001674,
0.244062300000223,
0.237296900000729,
0.236619999999675,
0.245641499999692,
0.228401599999415,
0.242180699999153,
0.232170499999484,
0.222492000000784,
0.218158899999253,
0.236248100000012,
0.274289999999382,
0.324505099999442,
0.271420400000352,
0.233178500000577,
0.232188600000882,
0.226063500000237,
0.238357300000644,
0.231508000000758,
0.223506300000736,
0.222761099999843,
0.227379400001155,
0.224170299999969,
0.240121799999542,
0.227806799999598,
0.230272299999342,
0.227988299999197,
0.230434700000842,
0.240968699999939,
0.230541900000389,
0.229222900001332,
0.240801199999623,
0.223036100000172,
0.234366799999407,
0.232896999999866,
0.230675499999052,
0.225627300000269,
0.237524699999994,
0.2302733000015,
0.237533800000165,
0.227588100000503,
0.23551629999929,
0.241140600001017,
0.243546499999866,
0.234658200000922,
0.23184399999991,
0.262428699999873,
0.231011500000022,
0.230234000000564,
0.23557929999879,
0.226552799998899,
0.235657799999899,
0.244147699999303,
0.246359999999186,
0.235153400000854,
0.220357899999726,
0.247689300000275,
0.256138599999758,
0.224297200000365,
0.231913800000257,
0.234267900001214,
0.223874899998918,
0.233970100000079,
0.229751299999407,
0.235413499998685,
0.228017500001442,
0.232469900000069,
0.228488199998537,
0.231258300000263,
0.239608599998974,
0.24975170000107,
0.248686899998575,
0.241161699999793,
0.238800299999639,
0.248817399999098,
0.220873399999618,
0.231208199998946,
0.232629199999792,
0.234177700000146,
0.222308299998986,
0.21738010000081,
0.227638300000763,
0.219044100000247,
0.231697100000019,
0.231363000000783,
0.225109599999996,
0.232682300000306,
0.226168099999995,
0.2251782000003,
0.23687609999979,
0.22532019999926,
0.266082300000562,
0.182714799999303,
0.236052700000073,
0.237261100000978,
0.224775300001056,
0.227265800000168,
0.228002800000468,
0.221949199998562,
0.235601799999131,
0.227401800000735,
0.224592099999427,
0.24403859999984,
0.232351599999674,
0.225062999999864,
0.235405499999615,
0.237754300000233,
0.233026299998528,
0.226088399998844,
0.22956879999947,
0.232596800000465,
0.226696500001708,
0.226660399999673,
0.252418199999738,
0.265680300000895,
0.231778199999098,
0.251294499999858,
0.234929100000954,
0.219113099999959,
0.227490999999645,
0.227415400000609,
0.235922900001242,
0.220213999999032,
0.222193600000537,
0.266521800000191,
0.217963700000837,
0.231526699999449,
0.22883770000044,
0.227847699999984,
0.240042600000379,
0.227715900000476,
0.239004200000636,
0.249869299999773,
0.228757200000473,
0.222509900000659,
0.23055899999963,
0.228374800000893,
0.222192799999902,
0.218888199999128,
0.227463299999727,
0.223369999999704,
0.227970199999618,
0.236862600000677,
0.233626799999911,
0.235980899999049,
0.241212200000518,
0.266652800000884,
0.22363199999927,
0.220867800000633,
0.228681999999026,
0.217900700001337,
0.217746899999838,
0.221841900000072,
0.232619699998395,
0.22652030000063,
0.228213500000493,
0.229817499999626,
0.229807399999117,
0.233720500000345,
0.224465700001019,
0.237479900000835,
0.226769900000363,
0.229957600000489,
0.217110199999297,
0.233676199999536,
0.227240199999869,
0.22687390000101,
0.232340999998996,
0.243438400000741,
0.238441299999977,
0.241262800000186,
0.24462130000029,
0.223385000001144,
0.224401999999827,
0.233249899998555,
0.229158699999971,
0.236712100000659,
0.233218499999566,
0.241737099999227,
0.224213600000439,
0.241401499999483,
0.223115099999632,
0.237542299999404,
0.240190800001074,
0.228137000000061,
0.227656099999876,
0.238657799998691,
0.221670799999629,
0.234717199999068,
0.228071199999249,
0.232980599999792,
0.230556499998784,
0.242416300001423,
0.231281099999251,
0.238721599998826,
0.243332400001236,
0.224961899999471,
0.226580100001229,
0.222516199999518,
0.230629400000907,
0.226409900000363,
0.236149500000465,
0.224822899999708,
0.222640700001648,
0.230151899999328,
0.230154499999117,
0.23240689999875,
0.226418399999602,
0.254219499998726,
0.230879000000641,
0.21849789999942,
0.228473900000608,
0.225426700000753,
0.232503400000496,
0.237312400000519,
0.233319000000847,
0.229950799999642,
0.228036200000133,
0.236444500000289,
0.226559599999746,
0.229673699999694,
0.229313300000285,
0.22885160000078,
0.235830100000385,
0.218589300000531,
0.228027099999963,
0.230204399998911,
0.223008999999365,
0.225474800001393,
0.21992119999959,
0.247334400000909,
0.231398199999603,
0.226424599999518,
0.22470070000054,
0.218627100000958,
0.2301738999995,
0.226456099999268,
0.224166500000138,
0.2306664000007,
0.229362800000672,
0.227404399998704,
0.227043599999888,
0.2295309000001,
0.223564800000531,
0.221181299999444,
0.233947500000795,
0.240864800000054,
0.226336199999423,
0.222950900000797,
0.22073459999956,
0.239119500000015,
0.224786799999492,
0.225462099999277,
0.232316499999797,
0.235479900000428,
0.238226100000247,
0.241490400001567,
0.237619099998483,
0.23429380000016,
0.22578969999995,
0.22423340000023,
0.224672199999986,
0.224779100000887,
0.23912989999917,
0.246299500000532,
0.234674200000882,
0.229153400001451,
0.239873700000317,
0.228094599999167,
0.250127500001327,
0.222613800000545,
0.229150999999547,
0.233630300001096,
0.228409000001193,
0.239554899999348,
0.224996300001294,
0.229923700000654,
0.23610809999991,
0.226311899999928,
0.228713599999537,
0.235874800000602,
0.241946000000098,
0.238082899999426,
0.228309100000843,
0.226384600000529,
0.21776460000001,
0.227699199998824,
0.227292699999452,
0.220839299998261,
0.235307199998715,
0.230621699998665,
0.227730300000985,
0.248377699999764,
0.225189999999202,
0.232185400000162,
0.21972740000092,
0.230983199999173,
0.239309099999446,
0.274599399999715,
0.229856399999335,
0.23639170000024,
0.221040799999173,
0.245082499999626,
0.229424400000426,
0.230328499999814,
0.215394000000742,
0.225002400000449,
0.244383799999923,
0.233428499999718,
0.236267000000225,
0.22725729999911,
0.224718899999061,
0.224750199999107,
0.269467900001473,
0.220201500000258,
0.229773999999452,
0.225469000000885,
0.232028299999001,
0.257427599999573,
0.236452999999528,
0.237801500001297,
0.246369500000583,
0.225486200000887,
0.217508499999894,
0.239535400000022,
0.223598700000366,
0.225537099999201,
0.22951859999921,
0.219308000001547,
0.235382199998639,
0.229666700000962,
0.230180599999585,
0.232609200000297,
0.230618899999172,
0.232685299999503,
0.332677600001261,
0.265341800000897,
0.22882700000082,
0.231217299999116,
0.226846800000203,
0.217400800000178,
0.238578099999359,
0.235253099999682,
0.249414800000523,
0.24215009999898,
0.244736300001023,
0.235660599999392,
0.291540700000041,
0.231589400000303,
0.244055799999842,
0.226756000000023,
0.235066999999617,
0.22623349999958,
0.237408299999515,
0.242678899998282,
0.277699399999619,
0.182367199999135,
0.236096799999359,
0.23044309999932,
0.235509199999797,
0.239614699999947,
0.228224099999352,
0.230573400000139,
0.237391900000148,
0.235802100000001,
0.229135300000053,
0.242378199998711,
0.237699099998281,
0.221951999999874,
0.265472299999601,
0.223917799999981,
0.235174899999038,
0.234789900001488,
0.228988900000331,
0.231303900000057,
0.228965599999356,
0.235955600001034,
0.23556599999938,
0.245755300000383,
0.239239000000453,
0.235445399999662,
0.233101599998918,
0.235473400000046,
0.243306099999245,
0.235081099999661,
0.230780199999572,
0.240198299999975,
0.233430299998872,
0.224737200000163,
0.232620200000383,
0.243897600001219,
0.229745399999956,
0.232051300001331,
0.23374419999891,
0.232779299998583,
0.245573700000023,
0.304688799998985,
0.260751900001196,
0.271590399999695,
0.288716799999747,
0.295266499999343,
0.232043099998918,
0.279073800000333,
0.226285799999459,
0.218077999999878,
0.237784200000533,
0.23993850000079,
0.233397699999841,
0.233544900000197,
0.238931899999443,
0.229254199999559,
0.24563500000113,
0.232151600001089,
0.227260200001183,
0.22205860000031,
0.22952930000065,
0.229371800000081,
0.231737899999644,
0.23658819999946,
0.234639599999355,
0.24443219999921,
0.218091300001106,
0.226577299999917,
0.23148670000046,
0.244136200000867,
0.22959130000163,
0.240683599999102,
0.241723600000114,
0.230083499998727,
0.232749599999806,
0.2244978000017,
0.244657700000971,
0.22150049999982,
0.227784700000484,
0.225669199999174,
0.232559500000207,
0.237073499998587,
0.234778699999879,
0.230105399999957,
0.227176399999735,
0.239779999999882,
0.226197300000422,
0.232849300000453,
0.224397100000715,
0.233182699999816,
0.241426299999148,
0.228443900001366,
0.223035000000891,
0.22323680000045,
0.218698299999232,
0.234243800001423,
0.244392999999036,
0.236908599999879,
0.244002999999793,
0.229291900001044,
0.236143500000253,
0.224278899999263,
0.226114499999312,
0.22543510000105,
0.229069799999706,
0.230755699998554,
0.231135699999868,
0.228483000000779,
0.232235200001014,
0.234792900000684,
0.231612100000348,
0.23866100000123,
0.231742300000406,
0.233983099999023,
0.248969700000089,
0.238371900000857,
0.23278879999998,
0.229217200001585,
0.215867900000376,
0.229085099999793,
0.223505899999509,
0.228530500000488,
0.233297099999618,
0.229134500001237,
0.226087500001086,
0.290571599998657,
0.232606300000043,
0.235927900001116,
0.22251099999994,
0.227874700000029,
0.233236300000499,
0.216313200000513,
0.221564399998897,
0.224994399999559,
0.225972800000818,
0.232760599999892,
0.493663299999753,
0.233823500000653,
0.238993799999662,
0.232814200000576,
0.223673600001348,
0.231155499999659,
0.22668750000048,
0.223579699999391,
0.256651300000158,
0.239293699998598,
0.227629999999408,
0.224525800000265,
0.231210899999496,
0.226936400000341,
0.222872300000745,
0.234137999999803,
0.24143180000101,
0.243428300000232,
0.225406300000031,
0.232156599999144,
0.235824900000807,
0.235525799998868,
0.233661300000676,
0.227875399999903,
0.222931100001006,
0.233322400001271,
0.236642400001074,
0.239760999998907,
0.234470399998827,
0.231340300000738,
0.228407500000685,
0.233678500000678,
0.228492000000188,
0.233873299999686,
0.22561929999938,
0.23188780000055,
0.228292499999952,
0.234352499999659,
0.236268099999506,
0.249186099999861,
0.245577499999854,
0.237247000000934,
0.246662800000195,
0.240057999999408,
0.229903100000229,
0.245954300000449,
0.182550800000172,
0.226421100000152,
0.221276499998567,
0.231148999999277,
0.229853400000138,
0.233362000000852,
0.238312299999961,
0.236382200000662,
0.242376900001545,
0.231796199999735,
0.235711899998932,
0.230707599999732,
0.223388399999749,
0.23598579999998,
0.225667299999259,
0.224119799999244,
0.227896800000963,
0.229850199999419,
0.224569399999382,
0.220352000000275,
0.234540900000866,
0.236830300000292,
0.232765800001289,
0.238145100000111,
0.233252699999866,
0.229805000000852,
0.227676900000006,
0.233146299999134,
0.234408599999369,
0.231037300000025,
0.230211699999927,
0.217980199999147,
0.22305039999992,
0.228127399999721,
0.231530600000042,
0.225378299999647,
0.235904299999675,
0.238235000000714,
0.239047500001107,
0.235321699999986,
0.244735800000853,
0.227904700001091,
0.223027000000002,
0.314152799999647,
0.221390200000315,
0.235826799998904,
0.236706099998628,
0.232547599998725,
0.180900299999848,
0.222106100000019,
0.230622699999003,
0.228117000000566,
0.228432800000519,
0.239237499999945,
0.356338800000231,
0.226719700000103,
0.240857599999799,
0.240690599999652,
0.22665699999925,
0.238984300000084,
0.237587199999325,
0.227528800000073,
0.232951600000888,
0.230598300000565,
0.22286510000049,
0.220750500000577,
0.234939100000702,
0.267650600000707,
0.226541300000463,
0.22550020000017,
0.227470699999685,
0.236473100001604,
0.22622390000106,
0.220196499998565,
0.237516700000924,
0.240372600001137,
0.241139800000383,
0.221506800000498,
0.239665099999911,
0.226481199999398,
0.23045859999911,
0.226263699998526,
0.236231900000348,
0.227558399999907,
0.22204690000035,
0.228680500000337,
0.237638500000685,
0.233277099998304,
0.232500300000538,
0.253169700001308,
0.247134600000209,
0.227874800000791,
0.224523799999588,
0.223934100000406,
0.22791209999923,
0.248184199999741,
0.251051199998983,
0.233470600000146,
0.226792299999943,
0.234224599998925,
0.225753300001088,
0.226218300000255,
0.226912300000549,
0.229210599998623,
0.22997359999863,
0.254796599998372,
0.247914800000217,
0.225588700001026,
0.222203399998762,
0.236612400000013,
0.289939800000866,
0.29421530000036,
0.228421699999672,
0.222994499999913,
0.233255799999824,
0.2420934999991,
0.223089800001617,
0.242846799999825,
0.227658300000257,
0.227754199999254,
0.230587400001241,
0.227672900000471,
0.299222200001168,
0.248861899999611,
0.234643699999651,
0.227679100000387,
0.229726499999742,
0.248522500000036,
0.255109799998536,
0.242787299999691,
0.234564899999896,
0.231802799999059,
0.553100099999938,
0.278563300000314,
0.240092000000004,
0.262249299999894,
0.198084100000415,
0.242812599999525,
0.226436200000535,
0.232727799999338,
0.230374200000369,
0.248995500000092,
0.232623300000341,
0.232130100001086,
0.231427099999564,
0.242351700000654,
0.229406899999958,
0.244108099999721,
0.248100900000281,
0.248643999999331,
0.233888300001126,
0.259005699999761,
0.241986000000907,
0.237048400000276,
0.475038700000368,
0.238449599999512,
0.238692299999457,
0.231516200001352,
0.23611560000063,
0.230998699998963,
0.227549700000964,
0.225292699999045,
0.222236400000838,
0.216742599999634,
0.228802300000098,
0.2517442999997,
0.237970199999836,
0.258596699999543,
0.234466199999588,
0.235705199998847,
0.235772500000166,
0.225618299999041,
0.236786100000245,
0.232780700000148,
0.233646399999998,
0.236283400001412,
0.266252100000202,
0.221779600000445,
0.232529400000203,
0.220968300000095,
0.237997500000347,
0.237783600001421,
0.224405500001012,
0.22991170000023,
0.225473699998474,
0.232989199999793,
0.234830900000816,
0.236999099999593,
0.236720699998841,
0.23652409999886,
0.239424600000348,
0.249706599999627,
0.221294200000557,
0.216178900000159,
0.214028700000199,
0.243937000001097,
0.234942400000364,
0.238518500000282,
0.472708499999499,
0.235842899999625,
0.242574299998523,
0.222934200000964,
0.235417800000505,
0.235736599999655,
0.242119599999569,
0.241814099999829,
0.23350130000108,
0.2360905000005,
0.289547700000185,
0.247716800000489,
0.281571699999404,
0.235654499998418,
0.220731400000659,
0.23400380000021,
0.233511300000828,
0.236518400000932,
0.237951000000976,
0.228634900000543,
0.222683899999538,
0.232588299999406,
0.232615000000806,
0.222025400000348,
0.23081650000131,
0.224568100000397,
0.222786399999677,
0.230636799999047,
0.227410299999974,
0.22300340000038,
0.223341600001731,
0.228611099999398,
0.239104100000986,
0.237415799998416,
0.240293499999098,
0.229072300000553,
0.22610689999965,
0.228162100000191,
0.238609199999701,
0.221057300001121,
0.229293499998676,
0.230448300000717,
0.232231899999533,
0.229303300000538,
0.232564399999319,
0.249055000000226,
0.226843499998722,
0.234005600001183,
0.288154400001076,
0.311162500000137,
0.275994699999501,
0.245367800000167,
0.233970499999486,
0.219479299999875,
0.223793899998782,
0.220205100000385,
0.23449889999938,
0.23482519999925,
0.233112900001288,
0.235881900000095,
0.241883099999541,
0.228886099999727,
0.23455660000036,
0.239063199998782,
0.236254900000858,
0.236808699999528,
0.221777499999007,
0.230886000001192,
0.225319500001206,
0.226488700000118,
0.231955200000812,
0.225593200000731,
0.226873599998726,
0.234958999999435,
0.216112500000236,
0.230095900000379,
0.22823149999931,
0.227155999999013,
0.219775300000038,
0.239053799999965,
0.232883900000161,
0.231141399999615,
0.231369999999515,
0.230368099999396,
0.229308399999354,
0.229482900000221,
0.228751800001191,
0.223105900000519,
0.236740199999986,
0.223936299998968,
0.227412799999001,
0.286502200000541,
0.221676999999545,
0.226121600000624,
0.246822099999918,
0.222038100000645,
0.230223399999886,
0.235717600000498,
0.231735100000151,
0.217318200000591,
0.238769999999931,
0.244251799998892,
0.327267500000744,
0.225567900000897,
0.246313999999984,
0.230237899999338,
0.236619999999675,
0.235159199999543,
0.25226450000082,
0.231522899999618,
0.22937439999987,
0.219748600000457,
0.233640500000547,
0.230969399999594,
0.227438199999597,
0.221611200000552,
0.236373699999604,
0.228376999999455,
0.238397099999929,
0.24145210000097,
0.234505300000819,
0.228140499999427,
0.231783600000199,
0.23102519999884,
0.227963200000886,
0.240234299999429,
0.235814500001652,
0.229822399998739,
0.224240099998497,
0.228967299999567,
0.233468499998708,
0.220222399999329,
0.227734199999759,
0.229928700000528,
0.224147299999458,
0.225829999999405,
0.224271199998839,
0.228575600000113,
0.228997499998513,
0.233094600000186,
0.228606700000455,
0.239279800000077,
0.228468600000269,
0.228774299999714,
0.22071219999998,
0.230825700000423,
0.237267499998779,
0.243761699999595,
0.23295010000038,
0.229173699999592,
0.2290780000003,
0.227913500000795,
0.221282499998779,
0.242298200000732,
0.235718800000541,
0.238339499999711,
0.225451300000714,
0.230627099999765,
0.228012800000215,
0.228903200000786,
0.228880099999515,
0.219424099999742,
0.227144700000281,
0.228885499998796,
0.235648199999559,
0.225665500000105,
0.234916200000953,
0.23811730000125,
0.23157319999882,
0.247962800000096,
0.22680869999931,
0.223428199999034,
0.226661300001069,
0.230838499999663,
0.230876999999964,
0.237596599999961,
0.247435400000541,
0.236811499999021,
0.363436199999342,
0.232672300000559,
0.234927099998458,
0.25174060000063,
0.228357100000721,
0.222236499999781,
0.228389300000345,
0.222611500001221,
0.226736200000232,
0.220169400001396,
0.225946599999588,
0.23481990000073,
0.233410900000308,
0.23438090000127,
0.238914300000033,
0.228843999999299,
0.238677100000132,
0.224910900000395,
0.221318100000644,
0.230383199999778,
0.235216499999297,
0.234434400001192,
0.313548800000717,
0.228621399999611,
0.235921699999381,
0.23149259999991,
0.238749199999802,
0.222401600000012,
0.229405500000212,
0.224505899999713,
0.243840499999351,
0.232661300000473,
0.225960699999632,
0.224946500000442,
0.22777810000116,
0.299546299998838,
0.230615699998452,
0.224042099998769,
0.219618600000103,
0.233723900000768,
0.2306641999985,
0.23348679999981,
0.241933999999674,
0.244620099998428,
0.233000899999752,
0.230173400001149,
0.251778599998943,
0.267905799999426,
0.241219699999419,
0.227862699999605,
0.227820900001461,
0.230408100000204,
0.233178100001169,
0.233805100000609,
0.234963599999901,
0.235148899999331,
0.233119600001373,
0.235616499998287,
0.246970600001077,
0.232173100001091,
0.275010100000145,
0.180645299999014,
0.23782779999965,
0.236160000000382,
0.225607500000478,
0.224299800000153,
0.228690100000676,
0.226688300001115,
0.237414799999897,
0.22395730000062,
0.225187699999879,
0.233676699999705,
0.224424500000168,
0.233294099998602,
0.239441499999884,
0.236826899999869,
0.233573400000751,
0.225940700000137,
0.233970299999783,
0.23875130000124,
0.219430099999954,
0.225740099998802,
0.217647400000715,
0.226922300000297,
0.229165499998999,
0.245721399998729,
0.237414899998839,
0.230832200000805,
0.221029999998791,
0.221549699999741,
0.226592700000765,
0.220924299999751,
0.221765199999936,
0.274274900000819,
0.247495999999956,
0.241610499999297,
0.220916600001146,
0.227160400001594,
0.222077300000819,
0.229646100000537,
0.237878800000544,
0.224175600000308,
0.226589200001399,
0.225849899999957,
0.230631899999935,
0.232660300000134,
0.242029000000912,
0.236046199999691,
0.229167999999845,
0.231328800000483,
0.23835599999984,
0.230304099999557,
0.23314930000015,
0.228909700001168,
0.249276500000633,
0.236762999998973,
0.23122709999916,
0.220301100000142,
0.231883299999026,
0.22247679999964,
0.232003199998871,
0.23699040000065,
0.223463300000731,
0.237135800000033,
0.253155999998853,
0.269605699999374,
0.231325099999594,
0.216883199998847,
0.226809600000706,
0.219203999999081,
0.233429899999464,
0.231390299999475,
0.229835899999671,
0.235556800000268,
0.225622399999338,
0.229736400000547,
0.236225599999671,
0.234664699999485,
0.243613700000424,
0.231254799999078,
0.228277600001093,
0.221111099999689,
0.230819899999915,
0.218094300000303,
0.244218000001638,
0.233652299999449,
0.237342399999761,
0.231866999998601,
0.260082400000101,
0.234745399999156,
0.236533299999792,
0.22953360000065,
0.231299499999295,
0.231619300000602,
0.239285800000289,
0.23100870000053,
0.227770400000736,
0.280428399999437,
0.231540500000847,
0.229046700000254,
0.239320900000166,
0.240774100000635,
0.233344700000089,
0.229739799999152,
0.226252299999032,
0.237560400000802,
0.234089000001404,
0.219576299999972,
0.227015200000096,
0.215780300000915,
0.227610600000844,
0.226571700000932,
0.23383560000002,
0.228861100000358,
0.227524199999607,
0.274173699999665,
0.222446199999467,
0.237132700000075,
0.292764100000568,
0.224461600000723,
0.241046899998764,
0.224927400000524,
0.219235600001412,
0.230674500000532,
0.22677769999973,
0.23791650000021,
0.232370499999888,
0.224312999998801,
0.240418999999747,
0.286208999999872,
0.223672500000248,
0.231216199999835,
0.22828330000084,
0.226037899999938,
0.231203200000891,
0.224270799999431,
0.225387800001045,
0.226714000000356,
0.22998010000083,
0.229031300001225,
0.237545599999066,
0.235826800000723,
0.229941300000064,
0.234661399999823,
0.227392599999803,
0.235810000000129,
0.221848999999565,
0.231592199999795,
0.231716999998753,
0.254881499999101,
0.228074000000561,
0.234472599999208,
0.234185799999977,
0.238008899999841,
0.225975000001199,
0.3216381000002,
0.182549199998903,
0.2377034000001,
0.235848199999964,
0.24697599999854,
0.243680300000051,
0.240912999999637,
0.240656199999648,
0.260575700000118,
0.220468899999105,
0.223119199999928,
0.227780700000949,
0.229093299998567,
0.226011300001119,
0.230060500000036,
0.231777899998633,
0.234707999999955,
0.233348100000512,
0.222344100000555,
0.237404800000149,
0.242732200000319,
0.223966399998972,
0.226021799999216,
0.229016100000081,
0.230709299999944,
0.219997700000022,
0.231612700001278,
0.231297000000268,
0.234256400000959,
0.228743400000894,
0.243070700000317,
0.227785999999469,
0.22798259999945,
0.233490299999175,
0.231205900001441,
0.240065400001185,
0.237408200000573,
0.240153899998404,
0.238131399999475,
0.233745600000475,
0.26756690000002,
0.279109900000549,
0.23354769999969,
0.217609999999695,
0.227753200000734,
0.230756799999654,
0.233360499998525,
0.239400000000387,
0.231090799999947,
0.227628299999196,
0.221389300000737,
0.225032399999691,
0.239115300000776,
0.233599400000458,
0.233215199999904,
0.237559299999702,
0.233864699999685,
0.22984649999853,
0.224661799999012,
0.232334899999842,
0.222455099999934,
0.226051100000404,
0.22802959999899,
0.306229300000268,
0.245227899999009,
0.223680300001433,
0.233708800000386,
0.239734900000258,
0.229590900000403,
0.225414399999863,
0.238208699998722,
0.227875700000368,
0.22871909999958,
0.241751499999737,
0.379403900000398,
0.224529199998869,
0.222978899999362,
0.22984600000018,
0.240266099999644,
0.232972099998733,
0.232826199999181,
0.236723300000449,
0.242439900001045,
0.235355200000413,
0.246423200000208,
0.23485570000048,
0.219311999999263,
0.228381299999455,
0.2232096000007,
0.300431099998605,
0.237916800000676,
0.2320783999985,
0.245792899999287,
0.232673099999374,
0.24507260000064,
0.227833400000236,
0.226956599999539,
0.224526699999842,
0.240605099999812,
0.228146999999808,
0.2289509000002,
0.229765199999747,
0.234551200001079,
0.23345800000061,
0.243541100000584,
0.224805199999537,
0.23052590000043,
0.225083299999824,
0.233698899999581,
0.239272800001345,
0.230579799999759,
0.223208199999135,
0.225923600000897,
0.229024199999913,
0.232584100000167,
0.222611799999868,
0.225179200000639,
0.231085800000074,
0.232124100000874,
0.275240000000849,
0.221789100000024,
0.229200800000399,
0.231878900000083,
0.22108339999977,
0.22666449999997,
0.265613300000041,
0.229388699999618,
0.244878700001209,
0.223697100000209,
0.234453700000813,
0.225194900000133,
0.240720699999656,
0.222362900000007,
0.242457099999228,
0.22726110000076,
0.223047400000723,
0.229913899998792,
0.233995100001266,
0.222212700000455,
0.227852399999392,
0.232284499999878,
0.283706899999743,
0.227984600000127,
0.235680899999352,
0.223064600000725,
0.228731500001231,
0.226331699999719,
0.296809700001177,
0.229193099999975,
0.238684699999794,
0.234828000000562,
0.22687489999953,
0.215919100000974,
0.232835699998759,
0.22516799999903,
0.234090500000093,
0.233980400000291,
0.229376499999489,
0.233601199999612,
0.232495299998845,
0.233964600000036,
0.231194699999833,
0.234151000000566,
0.28447369999958,
0.365956400000869,
0.17557350000061,
0.23350610000125,
0.233178200000111,
0.232957300000635,
0.240421700000297,
0.224007900000288,
0.237823100000242,
0.232585800000379,
0.242233000000851,
0.29379500000141,
0.224282199998925,
0.22163780000119,
0.234037300000637,
0.23361819999991,
0.233356299999286,
0.240870499999801,
0.249541699999099,
0.234008499999618,
0.251644600000873,
0.304458500000692,
0.221328700001322,
0.218837200000053,
0.321809600000051,
0.236546300000555,
0.235967399999936,
0.236748999999691,
0.238183100000242,
0.239006099998733,
0.222205199999735,
0.218238000001293,
0.234209199999896,
0.238423699998748,
0.220407900000282,
0.281111199999941,
0.229154799999378,
0.251007000000754,
0.22462219999943,
0.227327700000387,
0.232386600000609,
0.236405899999227,
0.236695300000065,
0.277825600000142,
0.224873999999545,
0.223927700000786,
0.246213099999295,
0.239218599999731,
0.230635099998835,
0.333333343267441,
0.223535600000105,
0.230744099999356,
0.233608900000036,
0.250541600000361,
0.266088899999886,
0.230599900000016,
0.226665100000901,
0.232392099998833,
0.230090900000505,
0.236409700000877,
0.216570300000967,
0.225789999998597,
0.224095300000045,
0.278211700000611,
0.218036399999619,
0.216620299999704,
0.222090400000525,
0.236566699999457,
0.21691219999957,
0.213661399999182,
0.227109999999811,
0.23156150000068,
0.240520900000774,
0.225943299999926,
0.227638300000763,
0.220740900000237,
0.215638300000137,
0.223444700000982,
0.22054290000051,
0.226999800001067,
0.228960300000836,
0.224872599999799,
0.229793399999835,
0.231441699999777,
0.226956900000005,
0.215808400000242,
0.214697800000067,
0.222101199999088,
0.224315000001297,
0.227027699998871,
0.218382200000633,
0.213785800000551,
0.220728299998882,
0.222242700001516,
0.238654799999495,
0.219074900000123,
0.255086600000141,
0.237004400001751,
0.254104599998755,
0.233715599999414,
0.222994899999321,
0.45706859999882,
0.221983800000089,
0.230296499999895,
0.223132699999042,
0.225046900000962,
0.221835099999225,
0.223925899999813,
0.244085199999972,
0.232719499999803,
0.217834799999764,
0.219216400000732,
0.221223800001098,
0.215947599999708,
0.221276799999032,
0.229014499998812,
0.229266599999391,
0.230643299999429,
0.223096499999883,
0.213532800000394,
0.254673899999034,
0.173301900000297,
0.22383329999866,
0.226552699999957,
0.219094000000041,
0.217602700000498,
0.220853099999658,
0.220451499999399,
0.220685000000231,
0.223742199999833,
0.218658699999651,
0.229183299999931,
0.228355199998987,
0.22037470000032,
0.222501500000362,
0.231518599999617,
0.21877399999903,
0.213422799999535,
0.218858600001113,
0.22685619999902,
0.213660499999605,
0.2250479000013,
0.228364399999919,
0.23089230000005,
0.228433099999165,
0.260963500000798,
0.173704500000895,
0.220488400000249,
0.221487399998296,
0.228419699998994,
0.220857399999659,
0.217262099999061,
0.228500600000189,
0.22125319999941,
0.223556900000403,
0.220414499999606,
0.220120699999825,
0.325100699999894,
0.324101700000028,
0.321851700000479,
0.248647900001743,
0.22311069999887,
0.231015499999558,
0.226322299999083,
0.232857500001046,
0.236299600001075,
0.223532800000612,
0.22101339999972,
0.235775000001013,
0.222727599999416,
0.222823500000231,
0.220707800001037,
0.217653199999404,
0.216417000001456,
0.22361280000041,
0.229970200000025,
0.218335200001093,
0.220862899999702,
0.219765100000586,
0.222107300000062,
0.224922399998832,
0.229102299999795,
0.229266199999984,
0.219060999999783,
0.223609099999521,
0.224684900000284,
0.218768300001102,
0.229665899998508,
0.228807299999971,
0.231402100000196,
0.228739600001063,
0.221635799998694,
0.221890199998597,
0.219398500001262,
0.227329700001064,
0.22739189999993,
0.219430000001012,
0.229343099999824,
0.222503700000743,
0.213883000000351,
0.233433999999761,
0.222585600000457,
0.308331099999123,
0.227672600000005,
0.232597000000169,
0.216790200000105,
0.221856000000116,
0.224901899999168,
0.220780199999353,
0.229795900000681,
0.232082399999854,
0.214608500000395,
0.213192600000184,
0.23342969999976,
0.228640000001178,
0.218818399998781,
0.225866800001313,
0.224734700001136,
0.226146999999401,
0.219850600000427,
0.22350440000082,
0.220499499999278,
0.210255800000596,
0.243548000000374,
0.234087299999373,
0.223772400000598,
0.214949699999124,
0.226930000000721,
0.220486999998684,
0.221026200000779,
0.222663399999874,
0.221670999999333,
0.223235500001465,
0.230554800000391,
0.217596100002993,
0.238140600002225,
0.222224900000583,
0.225247399997897,
0.227775799998199,
0.230219100001705,
0.218139000000519,
0.221718100001453,
0.243365300000733,
0.231652999998914,
0.231735699999263,
0.248365899999044,
0.224800599997252,
0.227706100002251,
0.23591640000086,
0.234211700000742,
0.223829499998828,
0.229119200001151,
0.221380599999975,
0.230115399997885,
0.236620499999844,
0.228623399998469,
0.236491700001352,
0.249300400002539,
0.222618200001307,
0.217138699998031,
0.20801819999906,
0.223541900002601,
0.227971800002706,
0.224566600001708,
0.228534300000319,
0.226614600000175,
0.230258599996887,
0.225831500003551,
0.224712400002318,
0.230459899998095,
0.22811940000247,
0.228181999998924,
0.234563400001207,
0.215532100002747,
0.222492900000361,
0.216899200000626,
0.22246559999985,
0.22894610000003,
0.228300999999192,
0.215539900000294,
0.222465799997735,
0.239632299999357,
0.230992699998751,
0.238167100000283,
0.220716600000742,
0.232222800001182,
0.226674899997306,
0.221731699999509,
0.225733700001001,
0.235216499997478,
0.232719100000395,
0.233607400001347,
0.232511800000793,
0.232818399999815,
0.233073400002468,
0.233178999998927,
0.231914399999368,
0.217302099998051,
0.23572459999923,
0.242287299999589,
0.233096600000863,
0.233546400002524,
0.232993000001443,
0.23302799999874,
0.216167999999016,
0.225613099999464,
0.222870900000999,
0.231971400000475,
0.228421900003013,
0.238417699998536,
0.234104700000898,
0.245512400000734,
0.226926700001059,
0.234552800000529,
0.235353299998678,
0.21910299999945,
0.234345100001519,
0.231573299999582,
0.232067900000402,
0.232522799997241,
0.240066300000763,
0.223773800000345,
0.217731199998525,
0.231192499999452,
0.228886500000954,
0.234507100001792,
0.231848399998853,
0.225726600001508,
0.228339699999196,
0.232767900000908,
0.233992900000885,
0.233859200001461,
0.233227900000202,
0.217537600001378,
0.228612599999906,
0.229536200000439,
0.225387200000114,
0.231872100001056,
0.224098700000468,
0.236382399998547,
0.228851700001542,
0.233566599999904,
0.233444699999382,
0.244782199999463,
0.231345799998962,
0.232579800001986,
0.241754599999695,
0.223699699999997,
0.233450700001413,
0.223591300000408,
0.254249699999491,
0.244277100002364,
0.233557200001087,
0.232668200002081,
0.22871280000254,
0.232469900001888,
0.220531999999366,
0.271152099998289,
0.243096199999854,
0.227335499999754,
0.221418699999049,
0.233690200002457,
0.22813479999968,
0.237968699999328,
0.228513899997779,
0.230792300000758,
0.218418500000553,
0.237232499999664,
0.226070900000195,
0.225150199999916,
0.238671299997804,
0.245805899998231,
0.251728200000798,
0.241275199998199,
0.241200100001151,
0.233793999999762,
0.217799000001833,
0.235219099999085,
0.229174000000057,
0.234513699997478,
0.234561599998415,
0.233000100000936,
0.233693900001526,
0.239282300000923,
0.247169300000678,
0.234398399999918,
0.233920400001807,
0.234609900002397,
0.222299100001692,
0.228126499998325,
0.233453799999552,
0.233579200001259,
0.23375329999908,
0.236517900000763,
0.228581600000325,
0.232549999996991,
0.230820400000084,
0.230615800002852,
0.226452599999902,
0.233324700002413,
0.232705200000055,
0.232172799998807,
0.252057900001091,
0.243478799999139,
0.226096700000198,
0.216370599999209,
0.232866500002274,
0.23040150000088,
0.222515299999941,
0.23190170000089,
0.224741699999868,
0.232630599999538,
0.234882799999468,
0.224761599998601,
0.224830300001486,
0.22434809999686,
0.233647200002451,
0.23951130000205,
0.225023200000578,
0.235485500001232,
0.224085000001651,
0.230717399997957,
0.232760899998539,
0.234807300003013,
0.227704199998698,
0.221245000000636,
0.224780600001395,
0.231954700000642,
0.2307570999983,
0.241003899998759,
0.249146500002098,
0.231587400001445,
0.235820300000341,
0.225976199999423,
0.227802699999302,
0.234927899997274,
0.232160999999905,
0.233916000001045,
0.235698499996943,
0.235344799999439,
0.224023299997498,
0.227863299998717,
0.232748800000991,
0.223719699999492,
0.23331319999852,
0.236380500002269,
0.233462300002429,
0.233458500002598,
0.230060000001686,
0.233362099999795,
0.233619599999656,
0.232394400001795,
0.233378999997512,
0.231676999999763,
0.232988799998566,
0.234465500001534,
0.231985599999462,
0.24415080000108,
0.227179199999227,
0.236958299999969,
0.246301400002267,
0.233287799997925,
0.234427700001106,
0.22743679999985,
0.215974900002038,
0.232730699997774,
0.233627099998557,
0.233653700001014,
0.23294519999763,
0.24047729999802,
0.228530099997442,
0.230064600000333,
0.24299709999832,
0.228747599998314,
0.232337899997219,
0.229623299997911,
0.234466800000519,
0.223765099999582,
0.237734900001669,
0.231686999999511,
0.233264400001644,
0.235584599999129,
0.233318299997336,
0.255701699999918,
0.238342799999373,
0.227705199999036,
0.215317199999845,
0.218734500002029,
0.230677300001844,
0.2333432000014,
0.233927299999777,
0.230385700000625,
0.226113000000623,
0.230771799997456,
0.233390599998529,
0.230564599998615,
0.233465699999215,
0.233072499999253,
0.234510999998747,
0.232965899998817,
0.227928399999655,
0.23556710000048,
0.244418500002212,
0.231750500002818,
0.228402900000219,
0.231444599998213,
0.232591299998603,
0.232278600000427,
0.227095299997018,
0.233824399998412,
0.230924600000435,
0.216995599999791,
0.223072699998738,
0.228877400000783,
0.222909299998719,
0.234496899996884,
0.233431299999211,
0.239447299998574,
0.237072899999475,
0.241947200000141,
0.22341139999844,
0.232812499998545,
0.224212599998282,
0.222363299999415,
0.232302899999922,
0.233874099998502,
0.232995900001697,
0.226318600001832,
0.228953500001808,
0.230866300000343,
0.237078499998461,
0.250571800002945,
0.231752499999857,
0.225993500000186,
0.232046299999638,
0.230213999999251,
0.233129600001121,
0.241419499998301,
0.234056299999793,
0.233442699998704,
0.232683000001998,
0.234186300000147,
0.219832700000552,
0.226011500002642,
0.222252399998979,
0.235803900002793,
0.229581600000529,
0.232879799998045,
0.246718500002316,
0.232462500000111,
0.233321600000636,
0.233410400000139,
0.241947300000902,
0.232766099998116,
0.249687100000301,
0.233216299999185,
0.244444299998577,
0.223666000001685,
0.227747000000818,
0.217979599998216,
0.245847300000605,
0.239932300002693,
0.232750199997099,
0.226036500000191,
0.23060809999879,
0.233209900001384,
0.222015200000897,
0.233762200001365,
0.224585699997988,
0.230257000002894,
0.227623400001903,
0.272561300000234,
0.230333299998165,
0.233524899998883,
0.23206349999964,
0.227608299999702,
0.226411799998459,
0.240623599998798,
0.221696199998405,
0.224443700000847,
0.222705999996833,
0.279043599999568,
0.228056100000686,
0.224000899997918,
0.233285299997078,
0.219922200001747,
0.233145099999092,
0.234864400001243,
0.233536399999139,
0.232797799999389,
0.231710000000021,
0.231086300002062,
0.22997249999753,
0.233620499999233,
0.235255100000359,
0.23782040000151,
0.229873200001748,
0.231880600000295,
0.232942699996784,
0.229899199999636,
0.233319300001313,
0.245038200002455,
0.229484300001786,
0.218119299999671,
0.225867100001778,
0.233810499998071,
0.222699399997509,
0.229013100000884,
0.231807699998171,
0.222821699997439,
0.232288699997298,
0.238271000001987,
0.229575400000613,
0.226937700001145,
0.233894199998758,
0.233012900000176,
0.222614100002829,
0.228587800000241,
0.233314199998858,
0.23299489999772,
0.216304800000216,
0.219713599999523,
0.231448099999398,
0.227962500001013,
0.233139399999345,
0.2341849000004,
0.238643100001354,
0.238648000002286,
0.227866400000494,
0.235907000002044,
0.238382799998362,
0.236480200001097,
0.229631300000619,
0.227460800000699,
0.234446999998909,
0.228567300000577,
0.247726300000068,
0.233632399998896,
0.231476299999485,
0.236070900002233,
0.232932799997798,
0.222728799999459,
0.234979800003202,
0.232631300001231,
0.239175899998372,
0.227584199998091,
0.281520399999863,
0.217282699999487,
0.232773200001247,
0.216541800000414,
0.230295500001375,
0.234150899999804,
0.224093799999537,
0.246430500003044,
0.229304599997704,
0.233352899998863,
0.233011199998145,
0.232225599997037,
0.233014800000092,
0.216519400000834,
0.230520799999795,
0.226818700000877,
0.22840720000022,
0.233638099998643,
0.232915199998388,
0.23231830000077,
0.233924600001046,
0.231560599997465,
0.250951300000452,
0.216449600000487,
0.217330700001185,
0.233671199999662,
0.226346600000397,
0.233962300000712,
0.232952799997292,
0.233212799998,
0.218451400000049,
0.225367999999435,
0.22620580000148,
0.231919000001653,
0.237920899999153,
0.235485100001824,
0.233157200000278,
0.236596999999165,
0.239911200002098,
0.225061400000413,
0.227266699999745,
0.228480100002344,
0.233167599999433,
0.234817500000645,
0.228289699996822,
0.225513400000636,
0.234009899999364,
0.233081200000015,
0.227013600000646,
0.233158399998501,
0.234304600002361,
0.232397200001287,
0.232323899999756,
0.234022900000127,
0.233540600002016,
0.220145700001012,
0.233011399999668,
0.233128199997736,
0.236663799998496,
0.227469999997993,
0.222631799999363,
0.230028400001174,
0.231150299998262,
0.217575200000283,
0.229089100001147,
0.228366300001653,
0.233666599997377,
0.233144800000446,
0.233114500002557,
0.240226599999005,
0.24116519999734,
0.233404200000223,
0.234082299997681,
0.233091400001285,
0.216974700000719,
0.232500199999777,
0.224415799999406,
0.233025800000178,
0.227224700000079,
0.226858000001812,
0.22786559999804,
0.221182100001897,
0.234826300002169,
0.245785999999498,
0.228375500002585,
0.225406899997324,
0.224121100000048,
0.228643999998894,
0.234132500001579,
0.223164699997142,
0.230959399999847,
0.229188900000736,
0.234701500001393,
0.233634200001688,
0.233305699999619,
0.23428530000092,
0.233405900002253,
0.233149600000615,
0.236346100002265,
0.228374300000723,
0.233747499998572,
0.237222399999155,
0.233796399999846,
0.233631200000673,
0.252460299998347,
0.235876200000348,
0.23259699999835,
0.231785599997238,
0.233179899998504,
0.232001700002002,
0.233627500001603,
0.233891899999435,
0.234092800001235,
0.230809699998645,
0.238321600001655,
0.232067900000402,
0.234108299999207,
0.233403099999123,
0.235327399997914,
0.223154200000863,
0.232864300000074,
0.23194820000208,
0.235144399997807,
0.235937400000694,
0.22661810000136,
0.232617699999537,
0.216323299999203,
0.233159999999771,
0.233246300002065,
0.231263400000898,
0.232756099998369,
0.232773399999132,
0.233010800002376,
0.233793699997477,
0.234955400002946,
0.23355950000041,
0.230221899997559,
0.232639900001232,
0.231106600000203,
0.23488240000006,
0.248997700000473,
0.23304250000001,
0.242515300000377,
0.241851800001314,
0.23610760000156,
0.230511999998271,
0.233250799999951,
0.281703900000139,
0.233632799998304,
0.239797000002,
0.238328200000979,
0.233402000001661,
0.238877200001298,
0.252131699999154,
0.235774699998728,
0.224012299997412,
0.223292399998172,
0.235727299997961,
0.227037499997095,
0.228775899999164,
0.235102300001017,
0.225862600000255,
0.227121600000828,
0.2227490999976,
0.224431899998308,
0.230841499997041,
0.230952099998831,
0.233184500000789,
0.233083499999339,
0.238226699999359,
0.231751199997234,
0.231178199999704,
0.232796699998289,
0.234487700003228,
0.23077209999974,
0.233575199999905,
0.233385200001067,
0.232281300002796,
0.216329700000642,
0.22763969999869,
0.231412200002524,
0.220159399999829,
0.22658489999958,
0.229091100001824,
0.232136599999649,
0.22829659999843,
0.233407400002761,
0.231044799998926,
0.2376039999981,
0.234847600000649,
0.233899300001212,
0.218666799999482,
0.225270899998577,
0.239724700000806,
0.239190500000404,
0.234127499999886,
0.233095600000524,
0.233442799999466,
0.233448800001497,
0.235913399999845,
0.234668400000373,
0.244013100000302,
0.229673500001809,
0.230220599998574,
0.227522400000453,
0.230520900000556,
0.222396599998319,
0.232493899999099,
0.230803099999321,
0.223372699998436,
0.233151800002815,
0.225599000001239,
0.222250500002701,
0.220518199999788,
0.221405899999809,
0.225460800000292,
0.226106300000538,
0.224928399999044,
0.226057500000024,
0.226721499999258,
0.234826299998531,
0.225569199999882,
0.22386700000061,
0.221644900000683,
0.22673930000019,
0.230783599999995,
0.228220099997998,
0.230229000000691,
0.233043500000349,
0.232858899998973,
0.231099600001471,
0.243084900001122,
0.229306399996858,
0.216337599998951,
0.225759600001766,
0.22339280000233,
0.233034900000348,
0.232315699999162,
0.2308852999995,
0.232430300002306,
0.233325399996829,
0.218766699999833,
0.231193200001144,
0.22224599999754,
0.21771340000123,
0.233301899999788,
0.232817299998715,
0.233164599998418,
0.232581399999617,
0.233090000001539,
0.231917900000553,
0.233174299999519,
0.233694399998058,
0.234065299999202,
0.237720200002514,
0.234087699998781,
0.233856000002561,
0.234093700000813,
0.239624599998933,
0.237063300002774,
0.248547600000165,
0.232972199999494,
0.234475099998235,
0.232916500001011,
0.233358199999202,
0.233168699996895,
0.216765100001794,
0.226221299999452,
0.242621100001998,
0.233697899999243,
0.235064599997713,
0.233348099998693,
0.232499100002315,
0.235715200000413,
0.232516999996733,
0.231206399999792,
0.233346099998016,
0.234166999998706,
0.228911700000026,
0.234434599999076,
0.23317660000248,
0.232062499999302,
0.23255490000156,
0.241945600002509,
0.235118699998566,
0.239726799998607,
0.233175999997911,
0.23333730000013,
0.226310099998955,
0.234230899997783,
0.233395800001745,
0.233297900002071,
0.235116500000004,
0.228358899999876,
0.232940600002621,
0.228452899998956,
0.233373800001573,
0.22341139999844,
0.232838500000071,
0.23205809999854,
0.237340899999253,
0.234013499997673,
0.23096390000137,
0.227391100001114,
0.239748100000725,
0.242652299999463,
0.228947799998423,
0.23775189999651,
0.245776399999158,
0.220424199997069,
0.233429099997011,
0.226760300000024,
0.239270100002614,
0.226314300001832,
0.228992500000459,
0.261201599998458,
0.229175399999804,
0.233099400000356,
0.234252899997955,
0.232343900002888,
0.226160599999275,
0.231977600000391,
0.22615610000139,
0.239082199997938,
0.232259299998987,
0.231163700002071,
0.2261150000013,
0.225649599997269,
0.224001800001133,
0.22242279999773,
0.230885000000853,
0.231396699997276,
0.227538499999355,
0.236829900000885,
0.225147600001947,
0.22587040000144,
0.226271100000304,
0.225261799998407,
0.227724399999715,
0.225693099997443,
0.235390600002575,
0.226973200002249,
0.232283900000766,
0.22599049999917,
0.223956600002566,
0.217736999999033,
0.23039979999885,
0.229035200001817,
0.227397499998915,
0.226935499998945,
0.233861400000023,
0.231096999999863,
0.222477100000106,
0.227383000001282,
0.226666000002297,
0.236411900001258,
0.23858829999881,
0.231165500001225,
0.23925650000092,
0.222436500000185,
0.225098200000502,
0.233410699998785,
0.221976100001484,
0.222247199999401,
0.228621300000668,
0.23122350000267,
0.224754500002746,
0.234915999997611,
0.240716100001009,
0.224814400000469,
0.234432500001276,
0.217293199999403,
0.228014399999665,
0.227695500001573,
0.240922100001626,
0.220599699998274,
0.217508699999598,
0.228156500001205,
0.234652700000879,
0.233784200001537,
0.230553199999122,
0.230811199999152,
0.226256199999625,
0.22466589999749,
0.222744099999545,
0.221916800001054,
0.218665199998213,
0.217434099999082,
0.217037099999288,
0.218415999999706,
0.219398000001092,
0.227331400001276,
0.225828800001182,
0.227455700001883,
0.229105300000811,
0.223413199997594,
0.22766970000157,
0.224862199997006,
0.231764299998758,
0.231414199999563,
0.223124100000859,
0.228678299998137,
0.227179500001512,
0.22964580000189,
0.227358500000264,
0.235195000001113,
0.225465899999108,
0.230634700001247,
0.227380399999674,
0.223648600000161,
0.225903900001867,
0.229847700000391,
0.223427799999627,
0.22381790000145,
0.227595099997416,
0.226393099997949,
0.214472799998475,
0.220618399998784,
0.227845299999899,
0.225722600000154,
0.222207800001343,
0.221355499998026,
0.219530599999416,
0.219212100000732,
0.22721829999864,
0.228740899998229,
0.227257499998814,
0.231330499998876,
0.219802399999026,
0.230226200001198,
0.235504000000219,
0.227881899998465,
0.236508800000593,
0.224945099998877,
0.225884999999835,
0.220848700002534,
0.224315400002524,
0.227886699998635,
0.227396999998746,
0.225392600001214,
0.229396299997461,
0.220564600000216,
0.22812519999934,
0.225392399999691,
0.23303969999688,
0.219306099999812,
0.225129200000083,
0.220888600000762,
0.22923499999888,
0.232492499999353,
0.25182919999861,
0.230679799999052,
0.245042599999579,
0.225213900001108,
0.229265699999814,
0.221269500001654,
0.219620500000019,
0.215186000001268,
0.22270799999751,
0.225867400000425,
0.22810550000213,
0.235544600000139,
0.230133599998226,
0.227459499998076,
0.228572799998801,
0.228022399998736,
0.228843599998072,
0.224810300001991,
0.222847000000911,
0.229208099997777,
0.225706199998967,
0.223441399997682,
0.225944800000434,
0.22338469999886,
0.221491600001173,
0.220867600000929,
0.229739999998856,
0.226334200000565,
0.22504409999965,
0.223366700000042,
0.236754000001383,
0.237502899999527,
0.227720399998361,
0.226500900000246,
0.226764800001547,
0.217189200000576,
0.227261299998645,
0.230566100002761,
0.2302466000001,
0.220983300001535,
0.232689699998446,
0.230692500001169,
0.241931099997601,
0.231059099998674,
0.249333799998567,
0.234572100001969,
0.243980300001567,
0.225099399998726,
0.233989200001815,
0.243749699999171,
0.232980300002964,
0.234014600002411,
0.22646430000168,
0.233284499998263,
0.233823099999427,
0.23346440000023,
0.23271350000141,
0.24436489999789,
0.230690799999138,
0.234004800000548,
0.230637300002854,
0.235673199997109,
0.227169999998296,
0.218711199999234,
0.23374330000297,
0.227692299999035,
0.23172010000053,
0.226469900000666,
0.224363299999823,
0.227580200000375,
0.2314707000005,
0.237158699997963,
0.225889900000766,
0.229828999999881,
0.234327199999825,
0.232072700000572,
0.237107299999479,
0.217084799998702,
0.227346300001955,
0.226252600001317,
0.24411229999896,
0.254081299997779,
0.239678099998855,
0.227293100000679,
0.238216999998258,
0.227619400000549,
0.23204590000023,
0.235123499998735,
0.227075000002515,
0.236335599998711,
0.242059899999731,
0.245774099999835,
0.230398700001388,
0.232232199999999,
0.233072800001537,
0.229310800001258,
0.238392500003101,
0.224799800002074,
0.219955600001413,
0.232779099998879,
0.255540500002098,
0.218379999998433,
0.238395899999887,
0.216690199998993,
0.233639800000674,
0.230952600002638,
0.233526799998799,
0.230578000002424,
0.234336000001349,
0.239732899997762,
0.231490300000587,
0.247873699998308,
0.230364899998676,
0.230079299999488,
0.231009400002222,
0.235591399999976,
0.242701800001669,
0.230331499999011,
0.225195399998483,
0.218162900000607,
0.238384000000224,
0.231545499998902,
0.227222699999402,
0.239303099999233,
0.23074170000109,
0.228599600002781,
0.227601000002323,
0.225913300000684,
0.230689500000153,
0.230855400001019,
0.233149099996808,
0.225852800002031,
0.250385999999708,
0.231245999999373,
0.233963200000289,
0.235388599998259,
0.23003140000219,
0.229390100001183,
0.233680900000763,
0.233952899998258,
0.233245699997497,
0.23518349999722,
0.225026399999479,
0.232678500000475,
0.23440280000068,
0.235149600001023,
0.239785300000221,
0.230093199999828,
0.232827899999393,
0.234180899999046,
0.232527299998765,
0.246739100002742,
0.220924699999159,
0.233021199997893,
0.216820699999516,
0.231894599997759,
0.235097699998732,
0.23330949999945,
0.232328000001871,
0.234104099999968,
0.2356013000026,
0.231134599998768,
0.233640599999489,
0.221546900000249,
0.234302999997453,
0.231990699998278,
0.231914699998015,
0.232361200000014,
0.23409669999819,
0.232341399998404,
0.232808499997191,
0.236837000000378,
0.235827500000596,
0.218508599999041,
0.232844800000748,
0.232120799999393,
0.234489700000267,
0.231302399999549,
0.232758500002092,
0.233139600000868,
0.229694500001642,
0.227082800000062,
0.23840779999955,
0.232842400000663,
0.233431200002087,
0.242508600000292,
0.23863849999907,
0.228906200001802,
0.233556700000918,
0.223232300002564,
0.229543900000863,
0.223730699999578,
0.233124999998836,
0.21596800000043,
0.234009299998434,
0.234144199999719,
0.238347400001658,
0.233369199999288,
0.232028400001582,
0.231961700003012,
0.233378000000812,
0.21735869999975,
0.231845899998007,
0.236300999997184,
0.232944600000337,
0.23379240000213,
0.229407700000593,
0.221992300001148,
0.234064399999625,
0.234825999999885,
0.241946900001494,
0.228349699998944,
0.233866500002478,
0.23403369999869,
0.238093899999512,
0.237914500001352,
0.230299599999853,
0.231917799999792,
0.234084899999289,
0.233434900001157,
0.245962799999688,
0.233486499997525,
0.235385700001643,
0.23510990000068,
0.23276949999854,
0.217778399997769,
0.234855400001834,
0.248144299999694,
0.231630100002803,
0.231788900000538,
0.231790800000454,
0.235028600000078,
0.232398700001795,
0.24158190000162,
0.235904099998152,
0.225216700000601,
0.23855790000016,
0.22544939999716,
0.23507950000203,
0.22857970000041,
0.229428500002541,
0.235606999998708,
0.233003599998483,
0.234709999996994,
0.233201999999437,
0.243325700001151,
0.235240399997565,
0.253156099999615,
0.233543999998801,
0.233097199998156,
0.230411599997751,
0.226409399998374,
0.234777800000302,
0.235312900000281,
0.236515199998394,
0.234110900000815,
0.222107200002938,
0.234729700001481,
0.229433299999073,
0.23429049999686,
0.233912600000622,
0.220570699999371,
0.2248225000003,
0.233902799998759,
0.232270600001357,
0.227896899999905,
0.238440199998877,
0.232789800000319,
0.222923499997705,
0.231113900001219,
0.225453499999276,
0.231538600000931,
0.237736099999893,
0.222100499999215,
0.230885500001023,
0.22876780000297,
0.230510600002162,
0.232207799999742,
0.227530800002569,
0.223950499999773,
0.225412499999948,
0.233461400002852,
0.231645300002128,
0.234390900001017,
0.232924300002196,
0.231984099998954,
0.233262199999444,
0.231636999997136,
0.232803600003535,
0.240583999999217,
0.246316699998715,
0.216582799999742,
0.232924899999489,
0.236401099999057,
0.235126899999159,
0.242844100001093,
0.228830899999593,
0.226626399999077,
0.23195399999895,
0.232786100001249,
0.229957899999135,
0.236775400000624,
0.232742800002598,
0.235359500002232,
0.23400490000131,
0.238819500002137,
0.232755600001838,
0.233271500001138,
0.233907800000452,
0.233053500000096,
0.227666400001908,
0.22110210000028,
0.229278800001339,
0.233329200000298,
0.220597600000474,
0.243333300000813,
0.233969000000798,
0.216770399998495,
0.232690800003184,
0.224556499997561,
0.23393120000037,
0.232774699998117,
0.231634299998404,
0.233527100001083,
0.22795860000042,
0.225432299997919,
0.224507099999755,
0.232831599998462,
0.229443200001697,
0.237967000000936,
0.231247499999881,
0.224243900000147,
Se p siste 1000 verdiene